400 79321 auuuughhhhh
0 3400 
0 17630 
0 14265 
0 19679 azazazazaza
0 7151 
0 7892 
400 52692 manameisjef
0 48095 
0 122033 
0 19996 fzofneiofps
300 39041 zzzz
450 20968 yomama
0 12164 zdzqdqz
0 12472 zdzd
450 310281 azdadafadfa
300 60716 dddd
700 58370 dzdzdq
450 123765 adazdad
0 53685 zdqdq
0 13158 zdqazd
300 10538 dzqdqqd
0 7394 zdqsd
0 162108 sqdqds
300 25538 mmm
300 11896 sqdqsd
300 6941 dsqdsq
0 37200 
0 21154 zqdqs
450 8604 
700 141123 zdqsd
450 53748 zdqsd
400 15129 zqdqs
450 223123 dsqd
0 139405 sqd
150 20575 azerty
0 4498 
150 10794 zdqsd
700 77883 oumayma
0 72633 
400 200067 oumayma
450 58682 oumaylma
450 16081 zqsd
450 61929 oumayma
700 373335 
400 70392 azerty
0 17830 z
0 10015 sqd
150 13601 
0 6463 
150 13580 dzqdz
0 9352 zqdqzd
0 9696 
0 11801 
0 9543 
0 10004 zqdq
0 15825 zqd
0 7899 
0 5915 zqdz
0 13465 dqzdq
0 6765 zqd
0 7856 zqdqzdl
0 11321 zqdqd
0 14087 zqdqzd
